37 0 0011011111101
3 1 0111001011110011
0 3 3 0111001011110010
10 4 011100101111000
15 5 01110010111101
30 6 0111001011111
43 7 0011011110010
63 8 011100101110
97 9 000111000101
115 10 000010011001
167 11 00110111101
206 12 00001001101
245 13 1011111111
307 14 0100110010
392 15 0001111000
446 16 0000010001
558 17 011100100
640 18 001111111
717 19 001011100
761 20 001000001
854 21 000011101
883 22 000001110
850 23 000011110
849 24 000011111
831 25 000100001
801 26 000101110
795 27 000110011
783 28 000111001
700 29 001011101
640 30 001111110
571 31 010111001
534 32 011111010
478 33 110111101
409 34 0001001101
427 35 0001000000
408 36 0001001110
390 37 0001111010
389 38 0001111011
383 39 0010001100
396 40 0001110000
407 41 0001001111
400 42 0001011011
390 43 0001111001
377 44 0010001101
403 45 0001011010
414 46 0001000001
455 47 111111101
412 48 0001001100
362 49 0010100110
433 50 0000100111
449 51 0000010000
481 52 110111100
495 53 101111110
572 54 010111000
670 55 001101110
748 56 001010010
869 57 000010110
1046 58 10001101
1239 59 01001001
1386 60 00110000
1485 61 00100101
1647 62 00010010
1818 63 00000001
2006 64 1011010
2099 65 1000101
2135 66 0111111
2054 67 1010010
1876 68 1111010
1856 69 1111100
1774 70 00000101
1725 71 00001100
1801 72 00000011
1741 73 00001010
1846 74 1111110
1841 75 00000000
1889 76 1110111
1963 77 1100001
1991 78 1011101
1907 79 1110001
1939 80 1101000
1940 81 1100111
1908 82 1110000
1894 83 1110101
2101 84 1000100
2070 85 1001100
2081 86 1001001
2202 87 0110111
2241 88 0110011
2337 89 0101011
2433 90 0100111
2514 91 0100011
2566 92 0100000
2664 93 0011101
2670 94 0011100
2650 95 0011110
2684 96 0011010
2521 97 0100010
2471 98 0100101
2409 99 0101001
2424 100 0101000
2304 101 0101100
2274 102 0110000
2069 103 1001110
2042 104 1010100
2017 105 1011000
2020 106 1010110
1935 107 1101001
1943 108 1100110
1992 109 1011100
1910 110 1101110
1895 111 1110011
2057 112 1010001
1886 113 1111000
1950 114 1100100
1900 115 1110010
1914 116 1101100
1913 117 1101101
1889 118 1110110
1945 119 1100101
1930 120 1101010
2084 121 1001000
2199 122 0111000
2107 123 1000001
2059 124 1001111
2069 125 1001101
2057 126 1010000
1853 127 1111101
1871 128 1111011
1713 129 00001101
1764 130 00001000
1581 131 00011011
1520 132 00100001
1440 133 00101011
1477 134 00100111
1477 135 00100110
1431 136 00101101
1373 137 00110001
1366 138 00110010
1264 139 01001000
1203 140 01010100
1140 141 01011111
1135 142 01100010
1103 143 01101101
1027 144 10100110
1052 145 10000100
1004 146 10110011
989 147 10111110
1039 148 10010101
1024 149 10101010
1060 150 10000000
1000 151 10110110
993 152 10111100
985 153 11000001
1012 154 10101011
978 155 11000101
985 156 11000000
992 157 10111101
1007 158 10110010
1068 159 01111100
979 160 11000100
964 161 11010110
946 162 11101001
935 163 11110011
900 164 000000101
885 165 000001100
868 166 000010111
881 167 000001111
895 168 000001001
914 169 000000100
950 170 11011111
975 171 11000111
994 172 10110111
1115 173 01101010
1093 174 01110101
1149 175 01011011
1122 176 01101000
1089 177 01110111
1143 178 01011101
1040 179 10010100
1052 180 10000101
1036 181 10010110
976 182 11000110
964 183 11010111
1008 184 10101111
1047 185 10001100
1036 186 10010111
1113 187 01101011
1117 188 01101001
1045 189 10001110
1049 190 10000111
1130 191 01100100
1142 192 01011110
1106 193 01101100
1123 194 01100101
1089 195 01111000
1079 196 01111011
1087 197 01111001
1040 198 10001111
1082 199 01111010
1094 200 01110100
1220 201 01001101
1272 202 01000010
1437 203 00101100
1453 204 00101010
1519 205 00100010
1554 206 00011111
1597 207 00011000
1614 208 00010101
1501 209 00100100
1356 210 00110110
1286 211 00111110
1151 212 01011010
1026 213 10100111
1091 214 01110110
1052 215 10000110
1059 216 10000001
1134 217 01100011
1167 218 01010101
1361 219 00110011
1398 220 00101111
1567 221 00011101
1634 222 00010100
1666 223 00010001
1588 224 00011010
1473 225 00101000
1269 226 01000011
1096 227 01110011
1010 228 10101110
917 229 11111111
856 230 000011100
758 231 001000111
772 232 001000000
796 233 000110010
800 234 000101111
879 235 000010010
945 236 11110010
948 237 11101000
883 238 000001101
807 239 000101100
629 240 010011000
533 241 011111011
473 242 111111100
355 243 0010100111
277 244 0111001010
292 245 0100110011
248 246 1011111110
163 247 00110111110
197 248 00011100011
141 249 01110010110
100 250 000111000100
117 251 000010011000
90 252 001101111000
70 253 001101111111
39 254 0011011111100
41 255 0011011110011
