(3,0)
第[0]个黑色的区域面积 =1 
(6,0)(6,1)
第[1]个黑色的区域面积 =2 
(8,0)
第[2]个黑色的区域面积 =1 
(12,0)
第[3]个黑色的区域面积 =1 
(15,0)
第[4]个黑色的区域面积 =1 
(1,1)(1,2)(0,2)(2,2)(0,3)(3,2)(4,2)(3,3)(4,3)(3,4)(5,3)(4,4)(3,5)(6,3)(5,4)(4,5)(2,5)(3,6)(5,5)(4,6)(1,5)(3,7)(4,7)(0,5)(1,4)(3,8)(5,7)(0,6)(3,9)(6,7)(0,7)(2,9)(4,9)(3,10)(7,7)(1,7)(0,8)(5,9)(4,10)(1,8)(0,9)(6,9)(7,9)(6,10)(8,9)(7,10)(6,11)(8,8)(7,11)(8,11)(7,12)(8,12)(7,13)(9,12)(8,13)(6,13)(10,12)(8,14)(5,13)(6,14)(10,11)(5,12)(5,14)(6,15)(10,10)(4,12)(7,15)(9,10)(11,10)(3,12)(7,16)(12,10)(11,9)(2,12)(8,16)(12,11)(11,8)(2,11)(9,16)(13,11)(12,12)(10,8)(12,8)(11,7)(1,11)(14,11)(13,12)(10,7)(12,7)(11,6)(15,11)(14,10)(9,7)(11,5)(16,11)(15,12)(9,6)(11,4)(17,11)(16,10)(9,5)(10,4)(12,4)(18,11)(17,12)(9,4)(19,11)(18,10)(17,13)(8,4)(19,10)(19,12)(18,9)(16,13)(19,9)(17,9)(16,14)(19,8)(19,7)
第[5]个黑色的区域面积 =119 
(9,1)(10,1)
第[6]个黑色的区域面积 =2 
(13,1)(14,1)(13,2)(12,2)(13,3)(11,2)
第[7]个黑色的区域面积 =6 
(18,1)
第[8]个黑色的区域面积 =1 
(8,2)
第[9]个黑色的区域面积 =1 
(15,2)(16,2)(15,3)
第[10]个黑色的区域面积 =3 
(19,2)
第[11]个黑色的区域面积 =1 
(18,3)(18,4)(17,4)(19,4)(17,5)(17,6)(18,6)
第[12]个黑色的区域面积 =7 
(13,5)(13,6)(14,6)(15,6)
第[13]个黑色的区域面积 =4 
(16,7)(16,8)
第[14]个黑色的区域面积 =2 
(14,8)
第[15]个黑色的区域面积 =1 
(15,9)
第[16]个黑色的区域面积 =1 
(1,13)
第[17]个黑色的区域面积 =1 
(11,13)
第[18]个黑色的区域面积 =1 
(3,14)(3,15)(4,15)(3,16)(4,16)(4,17)
第[19]个黑色的区域面积 =6 
(12,14)(12,15)(13,15)(12,16)(14,15)(13,16)(11,16)(12,17)(14,14)(13,17)(11,17)(14,17)(11,18)(15,17)(11,19)
第[20]个黑色的区域面积 =15 
(18,14)
第[21]个黑色的区域面积 =1 
(1,15)
第[22]个黑色的区域面积 =1 
(10,15)
第[23]个黑色的区域面积 =1 
(17,15)(17,16)(16,16)(18,16)(17,17)(18,17)(18,18)(19,18)(18,19)
第[24]个黑色的区域面积 =9 
(19,15)
第[25]个黑色的区域面积 =1 
(0,17)
第[26]个黑色的区域面积 =1 
(7,18)(8,18)(8,19)(9,19)
第[27]个黑色的区域面积 =4 
(16,18)
第[28]个黑色的区域面积 =1 
(0,19)(1,19)(2,19)(3,19)
第[29]个黑色的区域面积 =4 
(5,19)
第[30]个黑色的区域面积 =1 
